--------------------------------------
    Vetor de deslocamento nodal [m]:
    
(0.000e+00 , 0.000e+00)
(9.639e-06 , -2.085e-04)
(-1.164e-06 , -4.716e-04)
(-5.108e-05 , -8.361e-04)
(-3.710e-05 , -1.061e-03)
(4.757e-20 , -1.183e-03)
(3.710e-05 , -1.061e-03)
(5.108e-05 , -8.361e-04)
(1.164e-06 , -4.716e-04)
(-9.639e-06 , -2.085e-04)
(0.000e+00 , 0.000e+00)
(1.390e-04 , -2.315e-04)
(2.679e-04 , -5.029e-04)
(2.663e-04 , -7.801e-04)
(1.928e-04 , -1.164e-03)
(2.451e-20 , -1.077e-03)
(-1.928e-04 , -1.164e-03)
(-2.663e-04 , -7.801e-04)
(-2.679e-04 , -5.029e-04)
(-1.390e-04 , -2.315e-04)
(0.000e+00 , 0.000e+00)
(0.000e+00 , 0.000e+00)

--------------------------------------
    Forças [N]:
    
(7.268e+01 , 1.193e+02)
(0.000e+00 , 0.000e+00)
(0.000e+00 , 0.000e+00)
(0.000e+00 , 0.000e+00)
(0.000e+00 , 0.000e+00)
(0.000e+00 , 0.000e+00)
(0.000e+00 , 0.000e+00)
(0.000e+00 , 0.000e+00)
(0.000e+00 , 0.000e+00)
(0.000e+00 , 0.000e+00)
(-7.268e+01 , 1.193e+02)
(0.000e+00 , 0.000e+00)
(0.000e+00 , 0.000e+00)
(0.000e+00 , 0.000e+00)
(0.000e+00 , -1.425e+03)
(0.000e+00 , 0.000e+00)
(0.000e+00 , -1.425e+03)
(0.000e+00 , 0.000e+00)
(0.000e+00 , 0.000e+00)
(0.000e+00 , 0.000e+00)
(1.277e+03 , 1.306e+03)
(-1.277e+03 , 1.306e+03)

--------------------------------------
    Tensão em cada elemento [Pa]:
    
9.639e+05
-1.080e+06
-4.992e+06
1.399e+06
3.710e+06
3.710e+06
1.399e+06
-4.992e+06
-1.080e+06
9.639e+05
-2.219e+06
-4.774e+06
-1.122e+07
-1.594e+07
-1.791e+07
-1.791e+07
-1.594e+07
-1.122e+07
-4.774e+06
-2.219e+06
0.000e+00
-9.326e+06
-1.135e+07
-1.135e+07
-9.326e+06
0.000e+00
-3.066e+06
-2.090e+06
2.802e+06
-4.585e+06
4.484e+06
-4.585e+06
2.802e+06
-2.090e+06
-3.066e+06
-5.641e+06
-6.994e+06
-8.133e+06
-2.210e+04
-2.453e+06
5.149e+06
5.565e+06
2.555e+06
5.565e+06
5.149e+06
-2.453e+06
-2.210e+04
-8.133e+06
-6.994e+06
-5.641e+06
2.555e+06

--------------------------------------
    Deformação longitudinal específica em cada elemento:
    
2.410e-04
-2.701e-04
-1.248e-03
3.496e-04
9.274e-04
9.274e-04
3.496e-04
-1.248e-03
-2.701e-04
2.410e-04
-5.547e-04
-1.194e-03
-2.805e-03
-3.985e-03
-4.478e-03
-4.478e-03
-3.985e-03
-2.805e-03
-1.194e-03
-5.547e-04
0.000e+00
-2.332e-03
-2.839e-03
-2.839e-03
-2.332e-03
0.000e+00
-7.666e-04
-5.226e-04
7.004e-04
-1.146e-03
1.121e-03
-1.146e-03
7.004e-04
-5.226e-04
-7.666e-04
-1.410e-03
-1.748e-03
-2.033e-03
-5.525e-06
-6.134e-04
1.287e-03
1.391e-03
6.388e-04
1.391e-03
1.287e-03
-6.134e-04
-5.525e-06
-2.033e-03
-1.748e-03
-1.410e-03
6.388e-04

=======================
Summary:
===========================

Max:
	Tension: 5.565e+06
	Deformation: 1.391e-03
	Displacement: 2.679e-04
Min:
	Tension: -1.791e+07
	Deformation: -4.478e-03
	Displacement: -1.183e-03
Força total: 2850[N]
Maior comprimento: 0.10307764064044152[m]
Massa total: 249.07068740326892[g]


A estrutura está de pé!
